211.002	1.716848	1.305756
212.576	1.736134	1.322382
214.15	1.756003	1.3385
215.724	1.77644	1.354101
217.299	1.797432	1.369177
218.873	1.818965	1.383719
220.447	1.841027	1.397717
222.022	1.863606	1.411162
223.596	1.886689	1.424044
225.171	1.910264	1.436353
226.746	1.93432	1.448076
228.321	1.958845	1.459205
229.896	1.983827	1.469726
231.471	2.009255	1.479628
233.046	2.035117	1.488898
234.621	2.061402	1.497524
236.196	2.088096	1.505493
237.771	2.115187	1.512791
239.347	2.142664	1.519404
240.922	2.170513	1.525319
242.498	2.19872	1.530519
244.073	2.227271	1.53499
245.649	2.256153	1.538718
247.225	2.285349	1.541685
248.8	2.314846	1.543877
250.376	2.344625	1.545277
251.952	2.37467	1.545867
253.528	2.404964	1.545632
255.105	2.435487	1.544554
256.681	2.466221	1.542615
258.257	2.497144	1.539799
259.833	2.528235	1.536088
261.41	2.559473	1.531463
262.986	2.590832	1.525906
264.563	2.622288	1.519401
266.139	2.653814	1.511929
267.716	2.685385	1.503471
269.293	2.716969	1.494012
270.87	2.748539	1.483531
272.447	2.780061	1.472014
274.024	2.811502	1.459442
275.601	2.842828	1.445799
277.178	2.874002	1.43107
278.755	2.904985	1.415239
280.332	2.935739	1.398292
281.909	2.96622	1.380216
283.487	2.996387	1.360997
285.064	3.026195	1.340626
286.642	3.055597	1.319093
288.219	3.084546	1.296389
289.797	3.112993	1.27251
291.375	3.140889	1.247451
292.952	3.168186	1.221211
294.53	3.194836	1.193791
296.108	3.220792	1.165193
297.686	3.246013	1.135426
299.264	3.270464	1.104499
300.842	3.29412	1.072421
302.42	3.316973	1.039208
303.998	3.339046	1.004873
305.576	3.360406	0.969427
307.155	3.381209	0.932871
308.733	3.401779	0.895181
310.311	3.422822	0.856268
311.89	3.446212	0.815812
313.468	3.484207	0.769207
315.047	3.497663	0.686527
316.626	3.490255	0.617094
318.204	3.474872	0.556571
319.783	3.455054	0.503183
321.362	3.432582	0.45577
322.941	3.408519	0.413468
324.52	3.383559	0.375601
326.099	3.358175	0.341612
327.678	3.332698	0.311038
329.257	3.307368	0.283485
330.836	3.282356	0.258616
332.415	3.257785	0.236138
333.994	3.233744	0.215796
335.573	3.210294	0.197365
337.153	3.187475	0.180649
338.732	3.165316	0.165474
340.311	3.143829	0.151684
341.891	3.123019	0.139143
343.47	3.102885	0.127729
345.05	3.08342	0.117331
346.63	3.064612	0.107852
348.209	3.046447	0.099205
349.789	3.028909	0.091311
351.369	3.01198	0.0841
352.948	2.995641	0.077508
354.528	2.979873	0.071477
356.108	2.964654	0.065957
357.688	2.949967	0.060901
359.268	2.935789	0.056267
360.848	2.922101	0.052017
362.428	2.908885	0.048117
364.008	2.896121	0.044536
365.588	2.88379	0.041247
367.169	2.871876	0.038222
368.749	2.860359	0.03544
370.329	2.849225	0.032879
371.909	2.838456	0.030521
373.49	2.828038	0.028348
375.07	2.817956	0.026345
376.65	2.808196	0.024497
378.231	2.798743	0.022791
379.811	2.789586	0.021216
381.392	2.780711	0.01976
382.972	2.772108	0.018414
384.553	2.763764	0.017169
386.134	2.755669	0.016017
387.714	2.747813	0.01495
389.295	2.740186	0.013961
390.876	2.732779	0.013045
392.457	2.725583	0.012195
394.037	2.718589	0.011406
395.618	2.71179	0.010673
397.199	2.705177	0.009993
398.78	2.698744	0.00936
400.361	2.692484	0.008772
401.942	2.686389	0.008225
403.523	2.680454	0.007716
405.104	2.674672	0.007241
406.685	2.669038	0.006799
408.266	2.663546	0.006387
409.847	2.658192	0.006003
411.428	2.652969	0.005645
413.01	2.647874	0.00531
414.591	2.642901	0.004998
416.172	2.638047	0.004705
417.753	2.633307	0.004432
419.335	2.628677	0.004177
420.916	2.624154	0.003938
422.497	2.619734	0.003714
424.079	2.615413	0.003505
425.66	2.611188	0.003309
427.241	2.607056	0.003125
428.823	2.603014	0.002952
430.404	2.599059	0.00279
431.986	2.595189	0.002638
433.567	2.591399	0.002496
435.149	2.587689	0.002362
436.73	2.584055	0.002236
438.312	2.580496	0.002118
439.894	2.577008	0.002006
441.475	2.57359	0.001902
443.057	2.57024	0.001803
444.638	2.566955	0.00171
446.22	2.563734	0.001623
447.802	2.560575	0.00154
449.384	2.557475	0.001463
450.965	2.554435	0.001389
452.547	2.551451	0.00132
454.129	2.548522	0.001255
455.711	2.545647	0.001193
457.292	2.542824	0.001135
458.874	2.540052	0.00108
460.456	2.537329	0.001028
462.038	2.534654	0.000979
463.62	2.532026	0.000933
465.202	2.529444	0.000889
466.784	2.526906	0.000847
468.365	2.524411	0.000808
469.947	2.521959	0.00077
471.529	2.519547	0.000735
473.111	2.517176	0.000701
474.693	2.514844	0.00067
476.275	2.512549	0.00064
477.857	2.510293	0.000611
479.439	2.508072	0.000584
481.021	2.505887	0.000558
482.603	2.503736	0.000534
484.185	2.501619	0.00051
485.767	2.499536	0.000488
487.349	2.497484	0.000467
488.931	2.495464	0.000447
490.513	2.493474	0.000428
492.095	2.491515	0.00041
493.677	2.489585	0.000393
495.259	2.487684	0.000377
496.841	2.485811	0.000361
498.423	2.483966	0.000346
500.005	2.482147	0.000332
501.587	2.480356	0.000319
503.169	2.478589	0.000306
504.752	2.476848	0.000293
506.334	2.475131	0.000282
507.916	2.473439	0.000271
509.498	2.471771	0.00026
511.08	2.470125	0.00025
512.662	2.468503	0.00024
514.244	2.466902	0.000231
515.826	2.465323	0.000222
517.408	2.463766	0.000213
518.99	2.46223	0.000205
520.572	2.460714	0.000198
522.154	2.459219	0.00019
523.736	2.457743	0.000183
525.318	2.456287	0.000176
526.901	2.454849	0.00017
528.483	2.45343	0.000164
530.065	2.45203	0.000158
531.647	2.450647	0.000152
533.229	2.449282	0.000147
534.811	2.447935	0.000141
536.393	2.446604	0.000136
537.975	2.44529	0.000131
539.557	2.443992	0.000127
541.139	2.442711	0.000122
542.721	2.441445	0.000118
544.303	2.440195	0.000114
545.885	2.43896	0.00011
547.467	2.437739	0.000106
549.049	2.436534	0.000103
550.631	2.435343	0.000099
552.213	2.434166	0.000096
553.794	2.433003	0.000093
555.376	2.431854	0.00009
556.958	2.430718	0.000087
558.54	2.429595	0.000084
560.122	2.428486	0.000081
561.704	2.427389	0.000079
563.286	2.426305	0.000076
564.868	2.425233	0.000074
566.449	2.424174	0.000071
568.031	2.423126	0.000069
569.613	2.42209	0.000067
571.195	2.421066	0.000065
572.776	2.420053	0.000063
574.358	2.419052	0.000061
575.94	2.418061	0.000059
577.522	2.417082	0.000057
579.103	2.416113	0.000055
580.685	2.415154	0.000054
582.267	2.414206	0.000052
583.848	2.413269	0.000051
585.43	2.412341	0.000049
587.012	2.411423	0.000048
588.593	2.410515	0.000046
590.175	2.409616	0.000045
591.756	2.408727	0.000044
593.338	2.407847	0.000042
594.919	2.406977	0.000041
596.501	2.406116	0.00004
598.082	2.405263	0.000039
599.663	2.404419	0.000038
601.245	2.403584	0.000037
602.826	2.402757	0.000036
604.407	2.401939	0.000035
605.989	2.401129	0.000034
607.57	2.400327	0.000033
609.151	2.399534	0.000032
610.733	2.398748	0.000031
612.314	2.39797	0.00003
613.895	2.397199	0.000029
615.476	2.396437	0.000029
617.057	2.395682	0.000028
618.638	2.394934	0.000027
620.219	2.394193	0.000026
621.8	2.39346	0.000026
623.381	2.392734	0.000025
624.962	2.392014	0.000024
626.543	2.391302	0.000024
628.124	2.390596	0.000023
629.705	2.389898	0.000022
631.286	2.389205	0.000022
632.867	2.38852	0.000021
634.447	2.387841	0.000021
636.028	2.387167	0.00002
637.609	2.386501	0.00002
639.189	2.385841	0.000019
640.77	2.385186	0.000019
642.351	2.384538	0.000018
643.931	2.383896	0.000018
645.512	2.383259	0.000017
647.092	2.382629	0.000017
648.672	2.382004	0.000017
650.253	2.381385	0.000016
651.833	2.380771	0.000016
653.414	2.380163	0.000015
654.994	2.37956	0.000015
656.574	2.378963	0.000015
658.154	2.378371	0.000014
659.734	2.377784	0.000014
661.315	2.377203	0.000014
662.895	2.376626	0.000013
664.475	2.376055	0.000013
666.055	2.375488	0.000013
667.635	2.374927	0.000013
669.214	2.37437	0.000012
670.794	2.373818	0.000012
672.374	2.373271	0.000012
673.954	2.372729	0.000011
675.534	2.372191	0.000011
677.113	2.371658	0.000011
678.693	2.37113	0.000011
680.273	2.370605	0.00001
681.852	2.370086	0.00001
683.432	2.36957	0.00001
685.011	2.369059	0.00001
686.59	2.368552	0.00001
688.17	2.36805	0.000009
689.749	2.367552	0.000009
691.328	2.367057	0.000009
692.907	2.366567	0.000009
694.487	2.366081	0.000009
696.066	2.365599	0.000008
697.645	2.365121	0.000008
699.224	2.364646	0.000008
700.803	2.364176	0.000008
702.381	2.363709	0.000008
703.96	2.363246	0.000008
705.539	2.362787	0.000007
707.118	2.362332	0.000007
708.696	2.36188	0.000007
710.275	2.361432	0.000007
711.854	2.360987	0.000007
713.432	2.360546	0.000007
715.01	2.360108	0.000007
716.589	2.359674	0.000006
718.167	2.359243	0.000006
719.745	2.358815	0.000006
721.324	2.358391	0.000006
722.902	2.35797	0.000006
724.48	2.357553	0.000006
726.058	2.357138	0.000006
727.636	2.356727	0.000006
729.214	2.356319	0.000006
730.792	2.355914	0.000005
732.369	2.355512	0.000005
733.947	2.355113	0.000005
735.525	2.354717	0.000005
737.102	2.354325	0.000005
738.68	2.353935	0.000005
740.257	2.353548	0.000005
741.835	2.353164	0.000005
743.412	2.352783	0.000005
744.989	2.352405	0.000005
746.566	2.352029	0.000005
748.144	2.351657	0.000004
749.721	2.351287	0.000004
751.298	2.350919	0.000004
752.875	2.350555	0.000004
754.451	2.350193	0.000004
756.028	2.349834	0.000004
757.605	2.349478	0.000004
759.182	2.349123	0.000004
760.758	2.348772	0.000004
762.335	2.348423	0.000004
763.911	2.348077	0.000004
765.488	2.347733	0.000004
767.064	2.347392	0.000004
768.64	2.347053	0.000004
770.216	2.346716	0.000003
771.792	2.346382	0.000003
773.368	2.34605	0.000003
774.944	2.345721	0.000003
776.52	2.345394	0.000003
778.096	2.345069	0.000003
779.672	2.344746	0.000003
781.247	2.344426	0.000003
782.823	2.344108	0.000003
784.398	2.343792	0.000003
785.974	2.343479	0.000003
787.549	2.343167	0.000003
789.124	2.342858	0.000003
790.7	2.342551	0.000003
792.275	2.342246	0.000003
793.85	2.341943	0.000003
795.425	2.341642	0.000003
797	2.341343	0.000003
798.574	2.341046	0.000003
800.149	2.340751	0.000003
801.724	2.340459	0.000003
803.298	2.340168	0.000002
804.873	2.339879	0.000002
806.447	2.339592	0.000002
808.021	2.339307	0.000002
809.596	2.339024	0.000002
811.17	2.338742	0.000002
812.744	2.338463	0.000002
814.318	2.338186	0.000002
815.891	2.33791	0.000002
817.465	2.337636	0.000002
819.039	2.337364	0.000002
820.613	2.337094	0.000002
822.186	2.336825	0.000002
823.76	2.336559	0.000002
825.333	2.336294	0.000002
826.906	2.33603	0.000002
828.479	2.335769	0.000002
830.052	2.335509	0.000002
831.625	2.335251	0.000002
833.198	2.334994	0.000002
834.771	2.334739	0.000002
836.344	2.334486	0.000002
837.916	2.334234	0.000002
839.489	2.333985	0.000002
841.061	2.333736	0.000002
842.634	2.333489	0.000002
844.206	2.333244	0.000002
845.778	2.333	0.000002
847.35	2.332758	0.000002
848.922	2.332517	0.000002
850.494	2.332278	0.000002
852.066	2.332041	0.000002
853.638	2.331804	0.000002
855.209	2.33157	0.000002
856.781	2.331336	0.000002
858.352	2.331105	0.000002
859.923	2.330874	0.000001
861.495	2.330645	0.000001
863.066	2.330418	0.000001
864.637	2.330192	0.000001
866.208	2.329967	0.000001
867.778	2.329743	0.000001
869.349	2.329521	0.000001
870.92	2.329301	0.000001
872.49	2.329081	0.000001
874.061	2.328863	0.000001
875.631	2.328647	0.000001
877.201	2.328431	0.000001
878.771	2.328217	0.000001
880.341	2.328005	0.000001
881.911	2.327793	0.000001
883.481	2.327583	0.000001
885.05	2.327374	0.000001
886.62	2.327166	0.000001
888.189	2.32696	0.000001
889.759	2.326754	0.000001
891.328	2.32655	0.000001
892.897	2.326347	0.000001
894.466	2.326146	0.000001
896.035	2.325945	0.000001
897.604	2.325746	0.000001
899.173	2.325548	0.000001
900.741	2.325351	0.000001
902.31	2.325155	0.000001
903.878	2.32496	0.000001
905.446	2.324767	0.000001
907.014	2.324574	0.000001
908.583	2.324383	0.000001
910.151	2.324193	0.000001
911.718	2.324004	0.000001
913.286	2.323816	0.000001
914.854	2.323629	0.000001
916.421	2.323443	0.000001
917.988	2.323258	0.000001
919.556	2.323075	0.000001
921.123	2.322892	0.000001
922.69	2.32271	0.000001
924.257	2.32253	0.000001
925.823	2.32235	0.000001
927.39	2.322171	0.000001
928.957	2.321994	0.000001
930.523	2.321817	0.000001
932.089	2.321641	0.000001
933.656	2.321467	0.000001
935.222	2.321293	0.000001
936.788	2.321121	0.000001
938.354	2.320949	0.000001
939.919	2.320778	0.000001
941.485	2.320608	0.000001
943.05	2.320439	0.000001
944.616	2.320271	0.000001
946.181	2.320104	0.000001
947.746	2.319938	0.000001
949.311	2.319773	0.000001
950.876	2.319609	0.000001
952.441	2.319445	0.000001
954.005	2.319283	0.000001
955.57	2.319121	0.000001
957.134	2.31896	0.000001
958.698	2.318801	0.000001
960.262	2.318642	0.000001
961.826	2.318484	0.000001
963.39	2.318326	0.000001
964.954	2.31817	0.000001
966.517	2.318014	0.000001
968.081	2.317859	0.000001
969.644	2.317705	0.000001
971.207	2.317552	0.000001
972.771	2.3174	0.000001
974.333	2.317249	0.000001
975.896	2.317098	0.000001
977.459	2.316948	0.000001
979.021	2.316799	0.000001
980.584	2.316651	0.000001
982.146	2.316503	0.000001
983.708	2.316356	0.000001
985.27	2.31621	0.000001
986.832	2.316065	0.000001
988.394	2.315921	0.000001
989.956	2.315777	0.000001
991.517	2.315634	0.000001
993.078	2.315492	0.000001
994.64	2.31535	0.000001
996.201	2.31521	0.000001
997.762	2.31507	0.000001
999.322	2.31493	0.000001
1011.346	2.313881	0.000001
1014.711	2.313594	0
1018.076	2.313311	0
1021.442	2.31303	0
1024.809	2.312752	0
1028.176	2.312478	0
1031.544	2.312206	0
1034.912	2.311937	0
1038.281	2.311671	0
1041.651	2.311407	0
1045.021	2.311146	0
1048.392	2.310888	0
1051.764	2.310632	0
1055.136	2.310379	0
1058.509	2.310129	0
1061.883	2.309881	0
1065.257	2.309635	0
1068.631	2.309392	0
1072.007	2.309151	0
1075.383	2.308913	0
1078.76	2.308677	0
1082.137	2.308444	0
1085.515	2.308213	0
1088.893	2.307983	0
1092.272	2.307757	0
1095.652	2.307532	0
1099.032	2.30731	0
1102.414	2.307089	0
1105.795	2.306871	0
1109.177	2.306655	0
1112.56	2.306441	0
1115.944	2.306229	0
1119.328	2.306019	0
1122.713	2.305811	0
1126.099	2.305605	0
1129.485	2.305401	0
1132.871	2.305198	0
1136.259	2.304998	0
1139.647	2.3048	0
1143.035	2.304603	0
1146.425	2.304408	0
1149.814	2.304215	0
1153.205	2.304024	0
1156.596	2.303834	0
1159.988	2.303646	0
1163.38	2.30346	0
1166.773	2.303276	0
1170.167	2.303093	0
1173.561	2.302912	0
1176.956	2.302732	0
1180.352	2.302555	0
1183.748	2.302378	0
1187.145	2.302203	0
1190.542	2.30203	0
1193.94	2.301859	0
1197.339	2.301688	0
1200.738	2.30152	0
1204.138	2.301353	0
1207.539	2.301187	0
1210.94	2.301023	0
1214.342	2.30086	0
1217.744	2.300698	0
1221.147	2.300538	0
1224.551	2.30038	0
1227.955	2.300222	0
1231.36	2.300066	0
1234.766	2.299912	0
1238.172	2.299758	0
1241.579	2.299606	0
1244.987	2.299456	0
1248.395	2.299306	0
1251.804	2.299158	0
1255.213	2.299011	0
1258.623	2.298865	0
1262.034	2.298721	0
1265.445	2.298577	0
1268.857	2.298435	0
1272.27	2.298294	0
1275.683	2.298154	0
1279.097	2.298016	0
1282.511	2.297878	0
1285.926	2.297742	0
1289.342	2.297606	0
1292.758	2.297472	0
1296.175	2.297339	0
1299.593	2.297207	0
1303.011	2.297076	0
1306.43	2.296946	0
1309.849	2.296817	0
1313.269	2.296689	0
1316.69	2.296562	0
1320.112	2.296436	0
1323.534	2.296312	0
1326.956	2.296188	0
1330.38	2.296065	0
1333.803	2.295943	0
1337.228	2.295822	0
1340.653	2.295702	0
1344.079	2.295583	0
1347.505	2.295465	0
1350.932	2.295347	0
1354.36	2.295231	0
1357.788	2.295115	0
1361.217	2.295001	0
1364.647	2.294887	0
1368.077	2.294775	0
1371.508	2.294662	0
1374.939	2.294551	0
1378.372	2.294441	0
1381.804	2.294332	0
1385.238	2.294223	0
1388.672	2.294115	0
1392.106	2.294008	0
1395.542	2.293902	0
1398.977	2.293797	0
1402.414	2.293692	0
1405.851	2.293588	0
1409.289	2.293485	0
1412.727	2.293383	0
1416.166	2.293282	0
1419.606	2.293181	0
1423.046	2.293081	0
1426.487	2.292982	0
1429.929	2.292883	0
1433.371	2.292785	0
1436.814	2.292688	0
1440.257	2.292592	0
1443.701	2.292496	0
1447.146	2.292401	0
1450.591	2.292306	0
1454.037	2.292213	0
1457.484	2.29212	0
1460.931	2.292027	0
1464.379	2.291936	0
1467.827	2.291845	0
1471.276	2.291754	0
1474.726	2.291665	0
1478.177	2.291575	0
1481.628	2.291487	0
1485.079	2.291399	0
1488.531	2.291312	0
1491.984	2.291225	0
1495.438	2.291139	0
1498.892	2.291054	0
1502.347	2.290969	0
1505.802	2.290884	0
1509.258	2.290801	0
1512.715	2.290718	0
1516.172	2.290635	0
1519.63	2.290553	0
1523.089	2.290472	0
1526.548	2.290391	0
1530.008	2.290311	0
1533.468	2.290231	0
1536.929	2.290152	0
1540.391	2.290073	0
1543.854	2.289995	0
1547.317	2.289917	0
1550.78	2.28984	0
1554.244	2.289764	0
1557.709	2.289688	0
1561.175	2.289612	0
1564.641	2.289537	0
1568.108	2.289463	0
1571.575	2.289389	0
1575.043	2.289315	0
1578.512	2.289242	0
1581.981	2.28917	0
1585.451	2.289097	0
1588.922	2.289026	0
1592.393	2.288954	0
1595.865	2.288884	0
1599.337	2.288814	0
1602.81	2.288744	0
1606.284	2.288675	0
1609.758	2.288606	0
1613.233	2.288537	0
1616.709	2.288469	0
1620.185	2.288402	0
1623.662	2.288335	0
1627.139	2.288268	0
1630.617	2.288202	0
1634.096	2.288136	0
1637.575	2.28807	0
1641.055	2.288005	0
1644.536	2.287941	0
1648.017	2.287877	0
1651.499	2.287813	0
1654.982	2.28775	0
1658.465	2.287686	0
1661.949	2.287624	0
1665.433	2.287562	0
1668.918	2.2875	0
1672.404	2.287438	0
1675.89	2.287377	0
1679.377	2.287317	0
1682.865	2.287256	0
1686.353	2.287197	0
1689.842	2.287137	0